 130.6
 130.8438
 131.0857
 131.3276
 131.5695
 131.8114
 132.0533
 132.2952
 132.5371
 132.779
 133.0209
 133.2628
 133.5047
 133.7466
 133.9885
 134.2304
 134.4723
 134.7142
 134.9561
 135.198
 135.4399
 135.6818
 135.9237
 136.1656
 136.4075
 136.6494
 136.8913
 137.1332
 137.3751
 137.617
 137.8589
 138.1
 139.3548
 140.6084
 141.862
 143.1156
 144.3692
 145.6228
 146.8764
 148.13
 149.3836
 150.6372
 151.8908
 153.1444
 154.398
 155.6516
 156.9052
 158.1588
 159.4124
 160.666
 161.9196
 163.1732
 164.4268
 165.6804
 166.934
 168.1876
 169.4412
 170.6948
 171.9484
 173.2
 174.8787
 176.5554
 178.2321
 179.9088
 181.5855
 183.2622
 184.9389
 186.6156
 188.2923
 189.969
 191.6457
 193.3224
 194.9991
 196.6758
 198.3525
 200.0292
 201.7059
 203.3826
 205.0593
 206.736
 208.4127
 210.0894
 211.7661
 213.4428
 215.1195
 216.7962
 218.4729
 220.1496
 221.8263
 223.5
 222.5873
 221.6776
 220.7679
 219.8582
 218.9485
 218.0388
 217.1291
 216.2194
 215.3097
 214.4
 213.4903
 212.5806
 211.6709
 210.7612
 209.8515
 208.9418
 208.0321
 207.1224
 206.2127
 205.303
 204.3933
 203.4836
 202.5739
 201.6642
 200.7545
 199.8448
 198.9351
 198.0254
 197.1157
 196.206
 195.3
 198.459
 201.6235
 204.788
 207.9525
 211.117
 214.2815
 217.446
 220.6105
 223.775
 226.9395
 230.104
 233.2685
 236.433
 239.5975
 242.762
 245.9265
 249.091
 252.2555
 255.42
 258.5845
 261.749
 264.9135
 268.078
 271.2425
 274.407
 277.5715
 280.736
 283.9005
 287.065
 290.2295
 293.4
 289.0049
 284.6182
 280.2315
 275.8448
 271.4581
 267.0714
 262.6847
 258.298
 253.9113
 249.5246
 245.1379
 240.7512
 236.3645
 231.9778
 227.5911
 223.2044
 218.8177
 214.431
 210.0443
 205.6576
 201.2709
 196.8842
 192.4975
 188.1108
 183.7241
 179.3374
 174.9507
 170.564
 166.1773
 161.8
 162.0044
 162.2012
 162.398
 162.5948
 162.7916
 162.9884
 163.1852
 163.382
 163.5788
 163.7756
 163.9724
 164.1692
 164.366
 164.5628
 164.7596
 164.9564
 165.1532
 165.35
 165.5468
 165.7436
 165.9404
 166.1372
 166.334
 166.5308
 166.7276
 166.9244
 167.1212
 167.318
 167.5148
 167.7116
 167.9
 166.3438
 164.7805
 163.2172
 161.6539
 160.0906
 158.5273
 156.964
 155.4007
 153.8374
 152.2741
 150.7108
 149.1475
 147.5842
 146.0209
 144.4576
 142.8943
 141.331
 139.7677
 138.2044
 136.6411
 135.0778
 133.5145
 131.9512
 130.3879
 128.8246
 127.2613
 125.698
 124.1347
 122.5714
 121
 120.4992
 119.996
 119.4928
 118.9896
 118.4864
 117.9832
 117.48
 116.9768
 116.4736
 115.9704
 115.4672
 114.964
 114.4608
 113.9576
 113.4544
 112.9512
 112.448
 111.9448
 111.4416
 110.9384
 110.4352
 109.932
 109.4288
 108.9256
 108.4224
 107.9192
 107.416
 106.9128
 106.4096
 105.9064
 105.4
 104.94
 104.48
 104.02
 103.56
 103.1
 102.64
 102.18
 101.72
 101.26
 100.8
 100.34
 99.88
 99.42
 98.96
 98.5
 98.04
 97.58
 97.12
 96.66
 96.2
 95.74
 95.28
 94.82
 94.36
 93.9
 93.44
 92.98
 92.52
 92.06
 91.6
 92.52
 93.44
 94.36
 95.28
 96.2
 97.12
 98.04
 98.96
 99.88
 100.8
 101.72
 102.64
 103.56
 104.48
 105.4
 106.32
 107.24
 108.16
 109.08
 110
 110.92
 111.84
 112.76
 113.68
 114.6
 115.52
 116.44
 117.36
 118.28
 119.2
 119.2
 119.2
 119.2
 119.2
 119.2
 119.2
 119.2
 119.2
 119.2
 119.2
 119.2
 119.2
 119.2
 119.2
 119.2
 119.2
 119.2
 119.2
 119.2
 119.2
 119.2
 119.2
 119.2
 119.2
 119.2
 119.2
 119.2
 119.2
 119.2
 119.2
 119.2 
