20.5
1.950000000000000   2.555000000000000
   1.955000000000000   2.826167983445688
   1.960000000000000   3.116619079717145
   1.965000000000000   3.425773511092046
   1.970000000000000   3.752640025139877
   1.975000000000000   4.095796262055744
   1.980000000000000   4.453387828605929
   1.985000000000000   4.823149045933521
   1.990000000000000   5.202446764694804
   1.995000000000000   5.588346626609913
   2.000000000000000   5.977698930627849
   2.005000000000000   6.367239147606019
   2.010000000000000   6.753696454507371
   2.015000000000000   7.133902712301986
   2.020000000000000   7.504894258757751
   2.025000000000000   7.863999737637503
   2.030000000000000   8.208908788417370
   2.035000000000000   8.537718501129803
   2.040000000000000   8.848956766492952
   2.045000000000000   9.141583703226461
   2.050000000000000   9.414973977128565